66.91719999999997
70.45419999999996
71.9858
71.38400000000006
72.35020000000002
73.18720000000003
77.74859999999997
81.5164
81.03159999999994
83.70800000000013
87.2808000000001
89.77300000000018
95.42140000000005
93.97999999999978
88.39600000000041
93.87580000000008
95.8861999999998
91.02399999999996
91.18340000000016
89.89299999999977
94.16659999999945
89.61560000000003
88.58579999999976
86.16919999999983
87.12339999999982
89.52799999999968
89.27339999999968
90.46499999999963
89.89479999999968
87.57099999999976
84.44160000000011
85.76459999999986
81.1599999999997
80.09999999999954
80.66059999999948
78.68559999999933
78.52979999999931
78.03459999999932
78.05019999999928
75.4909999999995
77.86119999999929
77.90919999999932
78.01819999999928
82.09139999999925
83.18079999999924
83.23819999999924
79.85939999999927
79.29019999999929
78.3437999999993
81.09259999999927
78.0695999999993
78.00099999999931
77.87899999999931
76.9339999999994
78.06619999999928
78.08339999999929
80.92579999999926
85.83239999999921
87.9269999999992
88.0561999999992
88.0561999999992
87.99779999999919
87.93939999999924
87.89559999999923
87.88099999999922
90.12780000000032
86.49779999999991
89.61020000000042
89.59560000000037
89.50800000000038
89.55180000000038
89.6248000000004
92.09280000000057
98.59400000000085
98.81240000000088
98.88540000000089
98.88540000000089
98.90000000000089
98.90000000000089
98.90000000000089
99.4400000000009
103.21400000000062
103.47640000000061
103.6876000000006
104.1116000000007
100.73779999999991
108.02620000000073
106.18340000000073
108.21320000000074
106.97700000000067
108.1138000000008
107.9450000000008
107.86340000000074
94.39159999999985
96.51980000000056
97.23040000000056
96.76860000000056
94.78700000000049
98.75779999999997
95.5809999999993
98.47300000000058
98.5226000000006
90.97880000000045
98.3388000000006
97.86380000000057
98.42040000000063
98.42040000000063
98.20000000000059
98.53720000000061
98.56640000000063
98.4788000000006
98.56640000000063
98.65400000000061
98.72700000000064
98.72700000000064
96.77560000000031
92.02619999999999
91.99999999999999
90.41899999999987
91.10580000000026
91.12399999999995
91.28459999999997
98.01160000000053
98.21600000000055
98.28900000000061
98.2744000000006
105.09239999999978
96.68919999999999
95.37039999999992
95.66239999999988
95.82300000000009
95.98360000000005
95.969
96.14420000000008
96.23180000000013
96.40700000000017
96.5092000000002
86.84500000000021
78.65940000000005
78.83820000000009
78.71220000000005
83.58660000000009
83.3208000000001
85.57720000000023
85.63560000000022
85.40200000000023
85.46040000000019
85.65020000000027
85.65020000000024
85.43120000000027
85.73780000000026
85.63560000000018
85.98600000000023
94.54319999999963
94.97359999999968
99.54720000000037
103.44380000000065
103.55120000000066
103.53400000000062
95.49199999999993
95.87219999999994
94.92200000000007
95.1284
95.69699999999992
95.6239999999999
101.24799999999993
101.27599999999987
101.35759999999993
101.40139999999991
101.47439999999996
93.30899999999957
92.33499999999957
92.46639999999954
92.48099999999958
92.51399999999957
92.58319999999954
92.61239999999952
92.59779999999952
92.61239999999951
92.61239999999952
92.65619999999952
92.64159999999954
92.64159999999951
92.62699999999953
92.50919999999952
92.50919999999954
91.24159999999985
91.48559999999974
91.5413999999998
85.70199999999986
83.51200000000017
83.89240000000005
83.78940000000024
83.84780000000019
84.06160000000014
76.35579999999953
84.59760000000007
84.86039999999997
85.0209999999999
98.75439999999983
99.10319999999987
99.18759999999988
99.14699999999986
104.70419999999987
104.93419999999982
105.05099999999992
96.56680000000073
105.3867999999999
95.35759999999996
95.19699999999995
95.22619999999989
86.18460000000064
86.27220000000067
86.43280000000071
86.31600000000068
86.5204000000007
86.46200000000074
86.4620000000007
79.6765999999993
79.66199999999928
79.76419999999929
67.40699999999947
67.44639999999947
67.63619999999943
68.10339999999947
77.39320000000018
77.46620000000019
77.13040000000022
77.26180000000024
77.45160000000023
77.6998000000002
84.48519999999995
84.5581999999999
84.89399999999989
84.82099999999994
93.66699999999977
93.78379999999974
84.39620000000046
84.54220000000046
84.52760000000053
86.85899999999934
86.82979999999941
87.01959999999939
87.01959999999937
96.43640000000065
96.5240000000007
105.3190000000007
106.0922000000007
104.6559999999992
104.09999999999908
95.19999999999945
101.8575999999999
96.51319999999919
93.0746000000007
101.75639999999996
99.9204000000006
99.94960000000061
99.83280000000065
99.81820000000059
91.65879999999919
99.94960000000063
91.04979999999962
99.59720000000002
99.64959999999995
99.81019999999998
99.91239999999999
99.86859999999997
101.34159999999999
108.19120000000095
108.19560000000087
108.2540000000009
108.3124000000009
93.13199999999915
93.09219999999915
83.83200000000024
84.55839999999999
83.4818
83.487
83.47919999999998
74.7843999999999
74.78959999999991
64.7895999999995
58.44080000000049
56.243800000000476
70.74159999999975
79.34
73.58879999999932
83.0985999999998
73.58539999999931
64.9028000000006
64.90560000000059
58.9592000000005
58.87140000000047
63.24920000000054
58.861000000000466
58.871400000000484
58.68100000000047
58.71020000000047
58.739400000000465
58.75400000000049
68.4502000000006
58.72480000000049
49.846799999999554
58.651800000000456
54.75180000000001
58.72480000000048
58.754000000000474
64.94160000000001
64.9124
74.7924
66.71000000000045
67.7000000000004
67.7000000000004
68.18400000000038
74.6934
83.18799999999979
85.6540000000003
78.26860000000073
78.2540000000007
82.61680000000074
69.82079999999969
78.23940000000071
71.09999999999933
61.09999999999946
62.18599999999945
81.09999999999924
79.40000000000074
86.42259999999976
79.40000000000074
79.40000000000074
79.40000000000074
86.42259999999976
86.45179999999972
86.4809999999997
95.53720000000055
95.52260000000055
105.61020000000075
105.72700000000079
105.72700000000079
113.90699999999998
105.75620000000077
109.61039999999913
105.71240000000078
105.75620000000079
105.72700000000079
105.7562000000008
105.80000000000078
105.80000000000078
96.5
98.69999999999936
94.19999999999946
94.19999999999946
94.19999999999946
90.90000000000083
80.69999999999987
60.70000000000049
65.70000000000051
57.0
43.70000000000041
52.0
59.79999999999951
59.79999999999951
69.09999999999935
69.09999999999935
69.09999999999935
69.09999999999935
69.09999999999935
68.70000000000034
68.70000000000034
68.70000000000034
73.20000000000016
71.49999999999999
68.59999999999935
67.29999999999959
67.90000000000063
58.799999999999514
58.799999999999514
65.5999999999994
83.59999999999921
92.30000000000048
75.70000000000005
66.09999999999938
56.79999999999952
61.7999999999995
55.90000000000045
55.90000000000045
71.79999999999978
81.09999999999924
83.90000000000079
83.90000000000079
83.90000000000079
93.19999999999949
83.90000000000079
77.09999999999927
83.90000000000079
83.90000000000079
85.0
85.0
94.30000000000054
85.0
76.90000000000073
76.90000000000073
76.29999999999997
63.09999999999943
70.40000000000066
69.5
69.5
67.29999999999959
77.30000000000001
86.5999999999992
86.5999999999992
86.5999999999992
79.90000000000074
73.9000000000007
85.30000000000028
85.30000000000028
85.30000000000028
76.70000000000002
70.70000000000026
80.69999999999987
95.5
76.20000000000003
76.20000000000003
82.09999999999923
82.09999999999923
72.5
73.79999999999987
82.09999999999923
67.0
62.50000000000001
67.5
76.09999999999928
89.30000000000041
98.40000000000089
98.40000000000089
98.40000000000089
89.49999999999999
93.99999999999999
69.20000000000033
60.59999999999947
60.20000000000049
66.09999999999938
47.400000000000276
47.400000000000276
52.79999999999954
52.79999999999954
52.59999999999962
61.50000000000001
59.299999999999514
59.299999999999514
67.90000000000063
76.20000000000003
76.20000000000003
70.29999999999973
65.7999999999995
56.20000000000048
57.90000000000049
57.90000000000049
57.90000000000049
51.20000000000045
51.20000000000045
50.59999999999965
50.59999999999965
50.59999999999965
59.90000000000052
45.0
45.0
28.10000000000024
25.399999999999775
39.20000000000037
47.90000000000028
38.6
39.20000000000037
43.099999999999845
43.099999999999845
43.099999999999845
34.39999999999983
44.0
44.0
40.099999999999945
42.299999999999606
42.299999999999606
42.299999999999606
27.200000000000212
33.99999999999999
33.99999999999999
57.59999999999952
57.59999999999952
72.70000000000017
72.70000000000017
70.59999999999934
70.59999999999934
71.20000000000024
80.09999999999924
80.09999999999924
79.49999999999999
82.90000000000077
82.90000000000077
82.90000000000077
80.59999999999924
89.49999999999999
89.49999999999999
93.40000000000084
76.59999999999927
82.59999999999923
91.90000000000084
91.90000000000084
91.90000000000084
91.90000000000084
91.90000000000084
91.90000000000084
89.69999999999959
80.99999999999999
82.69999999999979
91.40000000000084
105.19999999999924
103.30000000000074
93.99999999999999
103.30000000000074
103.30000000000074
103.30000000000074
93.69999999999948
99.59999999999911
90.30000000000042
83.5
88.5
88.5
97.1999999999994
88.59999999999918
88.59999999999918
72.0
72.0
72.0
72.0
72.0
72.0
72.0
81.59999999999923
71.59999999999933
78.90000000000074
78.90000000000074
78.90000000000074
78.90000000000074
64.79999999999949
64.79999999999949
64.79999999999949
64.79999999999949
64.79999999999949
64.79999999999949
60.90000000000053
60.90000000000053
60.90000000000053
66.0
84.9000000000008
84.9000000000008
89.99999999999999
89.99999999999999
85.49999999999999
76.40000000000072
80.30000000000011
74.29999999999988
83.40000000000079
83.40000000000079
84.49999999999999
77.2
77.2
67.20000000000041
67.20000000000041
58.9000000000005
58.9000000000005
58.9000000000005
68.90000000000065
61.09999999999946
61.09999999999946
67.09999999999938
67.09999999999938
62.00000000000001
62.00000000000001
62.00000000000001
56.0
54.59999999999957
52.59999999999962
47.599999999999724
56.5
63.2999999999995
63.2999999999995
73.40000000000069
72.20000000000019
66.20000000000049
73.5
73.5
82.80000000000021
74.9000000000007
71.90000000000067
84.69999999999973
84.69999999999973
84.69999999999973
88.99999999999999
96.30000000000058
96.6999999999994
94.49999999999999
96.30000000000058
97.99999999999999
91.19999999999955
85.30000000000028
85.30000000000028
85.30000000000028
85.30000000000028
65.70000000000051
66.59999999999938
70.5
70.5
61.90000000000055
61.90000000000055
61.90000000000055
59.700000000000486
53.700000000000465
53.700000000000465
60.20000000000049
74.5
76.70000000000002
76.70000000000002
78.40000000000074
69.09999999999935
69.09999999999935
76.20000000000003
76.20000000000003
74.5
65.7999999999995
65.7999999999995
53.0
62.09999999999945
59.79999999999951
68.5
68.5
68.5
76.79999999999998
70.90000000000066
70.90000000000066
62.2999999999995
55.5
51.59999999999963
51.59999999999963
70.5
76.40000000000072
76.40000000000072
75.79999999999995
75.79999999999995
67.5
67.5
72.5
72.5
72.5
74.20000000000012
82.80000000000021
74.20000000000012
64.20000000000051
64.59999999999941
82.09999999999923
77.09999999999927
77.09999999999927
77.09999999999927
77.09999999999927
77.09999999999927
93.0
89.09999999999917
89.09999999999917
89.09999999999917
89.09999999999917
81.0
87.0
87.0
87.0
62.40000000000056
70.70000000000026
80.30000000000011
75.79999999999995
66.5
66.5
66.5
68.20000000000037
68.20000000000037
82.69999999999979
92.0
92.0
92.0
88.30000000000037
91.40000000000084
91.40000000000084
91.40000000000084
91.40000000000084
91.40000000000084
91.40000000000084
91.40000000000084
94.90000000000086
94.90000000000086
89.90000000000083
81.90000000000077
70.90000000000066
64.40000000000059
75.51640000000003
79.6091
81.46500000000002
81.85620000000007
85.41099999999999
88.42780000000009
87.93020000000013
95.00399999999985
94.97949999999999
98.93190000000033
102.32220000000014
96.25010000000002
91.03660000000004
95.90979999999972
102.33039999999998
96.42499999999986
103.40119999999956
97.78959999999972
106.25030000000011
103.68629999999978
109.41280000000042
99.89209999999953
102.30529999999979
100.26040000000026
101.99330000000052
101.60830000000043
102.96560000000065
99.03120000000075
95.69390000000061
96.94939999999977
106.52030000000096
96.73110000000068
99.35629999999975
107.13670000000126
110.06340000000107
110.14480000000145
110.22260000000134
108.57710000000084
104.68090000000085
101.63400000000006
102.13720000000005
101.06159999999993
101.15609999999992
101.14189999999994
103.93049999999957
111.09969999999839
110.79699999999822
101.9165999999984
98.64999999999935
101.08039999999826
103.09989999999837
101.19279999999826
101.09599999999824
101.77139999999847
101.8519999999985
100.94239999999824
101.02399999999828
98.90119999999939
97.7835999999989
100.42899999999898
109.83419999999866
108.95639999999865
108.55809999999872
103.33059999999891
100.66289999999921
102.28279999999901
100.86099999999897
102.67159999999916
109.97919999999975
110.04359999999977
112.32780000000035
109.43439999999968
109.40399999999964
108.96849999999984
109.58639999999973
109.74599999999968
109.71559999999974
103.70980000000125
103.95240000000128
98.40400000000108
97.96760000000103
98.07400000000105
98.1887000000011
98.20130000000107
98.87890000000078
97.9600000000011
96.060800000001
96.147600000001
92.85040000000093
89.12600000000076
103.33319999999952
98.52240000000116
98.56040000000118
98.6440000000012
98.6516000000012
100.17920000000046
98.44640000000118
81.60719999999858
81.68319999999859
82.66559999999872
78.12120000000009
78.09840000000005
78.12880000000006
78.20480000000009
79.0386000000001
78.29600000000009
76.60840000000006
77.61470000000003
76.98120000000002
77.14839999999998
77.232
77.422
77.58160000000002
77.81720000000004
78.93939999999998
79.24780000000011
85.03739999999983
85.20499999999976
85.38079999999974
83.38839999999992
85.4917999999997
85.67739999999962
85.76159999999955
85.85279999999952
85.7539999999996
92.94089999999889
95.0995999999985
95.0843999999985
95.47199999999842
95.49479999999835
97.20099999999876
99.48829999999971
96.50209999999859
95.78149999999833
100.21339999999971
105.01820000000055
103.55380000000027
109.96700000000135
110.09160000000129
110.16000000000129
106.82860000000085
110.28920000000136
110.1904000000013
109.56720000000101
102.67599999999969
102.71399999999971
95.24639999999901
91.54600000000015
91.71160000000013
95.26879999999946
95.05989999999946
95.44359999999945
79.30839999999999
79.45640000000081
86.47229999999976
78.36559999999997
78.50239999999991
71.1472
71.80440000000016
71.66880000000025
72.15520000000052
64.48439999999907
72.14240000000042
72.30280000000045
82.34199999999998
81.46919999999999
90.88200000000153
90.93520000000156
88.36650000000085
91.04460000000161
91.06740000000165
91.14580000000166
91.13950000000165
91.16100000000165
91.17490000000166
95.40549999999898
90.22020000000082
91.93600000000079
92.1712000000008
88.00159999999968
88.01679999999968
88.17639999999966
88.16119999999964
88.09279999999973
88.21439999999959
88.42719999999953
86.20800000000031
88.60959999999952
104.76279999999981
112.39320000000164
112.43120000000167
112.5224000000017
112.61360000000172
115.81040000000199
106.75860000000179
105.30000000000183
105.30000000000183
105.30000000000183
105.30000000000183
97.39999999999878
73.6318000000001
76.72653333333344
78.19986666666662
79.42620000000022
83.0770666666666
86.21253333333314
89.91226666666664
91.32146666666681
89.84760000000061
92.65546666666648
96.65933333333349
101.3834000000002
102.13839999999996
102.29813333333361
101.67279999999997
109.62933333333297
108.6957333333334
107.34979999999979
104.03133333333341
109.35740000000006
104.1232666666669
103.38246666666666
107.8286666666667
105.63746666666664
106.98899999999884
112.30273333333326
111.18766666666632
109.89453333333371
102.83586666666618
106.79793333333313
104.79979999999993
109.16546666666711
110.96019999999918
107.38059999999994
114.22166666666638
111.8388666666671
113.74299999999926
116.49326666666586
115.49646666666631
115.54166666666578
118.37973333333231
117.27373333333166
116.80993333333275
117.27153333333278
116.32413333333253
117.27653333333379
118.00826666666669
111.15573333333298
113.35940000000097
113.95946666666794
114.02646666666823
115.24160000000265
114.09273333333478
113.73253333333464
113.00566666666757
114.34920000000191
113.59453333333543
114.0650666666691
114.67526666666873
115.89720000000213
115.37626666666891
113.49800000000099
114.777200000002
115.85693333333616
115.88506666666927
115.90240000000256
114.82266666666847
113.91373333333419
116.25240000000306
116.2930666666697
115.98386666666948
116.34240000000305
116.28220000000306
115.26826666666948
116.3312000000031
116.41440000000307
116.79640000000256
117.93880000000163
116.30240000000292
116.28000000000299
116.2538000000029
116.28506666666962
116.13760000000285
114.31800000000285
115.398000000003
113.40400000000281
113.38640000000284
113.23480000000276
112.47360000000232
113.07013333333616
113.27840000000297
113.26400000000284
113.29760000000289
113.29120000000295
112.64400000000269
110.67840000000108
105.00786666666662
106.6670666666655
105.333333333331
105.82599999999762
98.58813333333113
102.48639999999763
95.19159999999776
96.23533333333114
96.48673333333151
94.95839999999781
93.94799999999817
93.49726666666494
93.19799999999844
91.14639999999925
88.91639999999994
91.8481999999991
87.82560000000025
87.88173333333356
90.28613333333391
90.64006666666513
84.31920000000014
78.99379999999998
75.15340000000008
83.89226666666703
84.2344666666669
84.36440000000024
84.2648000000002
84.23280000000025
83.0016000000003
82.81173333333409
81.14100000000022
81.23540000000021
91.9578666666644
92.10373333333105
83.0442000000018
84.55680000000137
82.89360000000188
82.89840000000187
82.90160000000186
82.89840000000183
82.91280000000187
85.17393333333519
82.31933333333512
68.69659999999865
66.53153333333233
66.44559999999893
66.44879999999898
66.53453333333229
66.50159999999886
64.27413333333233
63.864399999999
63.47119999999906
71.44493333333195
73.02439999999854
73.02913333333184
73.07053333333191
73.0800666666652
83.07159999999807
90.27726666666537
90.40986666666548
90.40513333333205
90.39079999999879
96.536133333333
96.54366666666613
96.59999999999962
96.61279999999958
96.59519999999958
96.58079999999971
96.61119999999949
95.88000000000002
89.32540000000016
95.93119999999999
92.79119999999945
95.95199999999988
95.9600000000001
97.71279999999999
96.00159999999974
95.77693333333349
95.88720000000025
87.97493333333342
93.21960000000028
89.29580000000007
95.97440000000005
95.97440000000012
95.98240000000008
95.98240000000003
95.9328000000002
95.9743999999998
96.00319999999994
96.55999999999979
96.51466666666626
96.62559999999947
95.25473333333265
106.40459999999757
106.39959999999758
106.43919999999754
103.79919999999846
106.48719999999749
106.50319999999746
105.95919999999816
106.10319999999803
106.06799999999802
106.10639999999802
106.13999999999798
106.14799999999798
106.13999999999798
106.14159999999792
106.75279999999721
106.7527999999972
102.45779999999729
110.54226666666742
110.57106666666733
102.74706666666403
102.62519999999738
101.63659999999805
101.59519999999806
101.63839999999804
101.65439999999805
94.3224666666659
94.73993333333124
98.33213333333208
101.07839999999975
91.13493333333199
91.07839999999867
104.59346666666687
100.58159999999978
100.56559999999978
100.56719999999984
100.04879999999987
98.24459999999917
97.77086666666636
99.60993333333303
92.82399999999808
90.20093333333156
92.8863999999979
92.91359999999791
92.9103999999979
92.9311999999979
92.87999999999795
92.88479999999795
92.90399999999795
92.87199999999791
92.17759999999879
92.19839999999868
92.22559999999868
84.03039999999991
84.1359999999998
83.45573333333284
87.10399999999973
87.12399999999968
87.15279999999971
87.13559999999983
87.15359999999977
79.07266666666642
70.29940000000019
72.06073333333278
78.44299999999873
89.24513333333468
88.6472000000016
88.66320000000167
88.19760000000066
88.23760000000085
88.25520000000081
88.28400000000094
84.46800000000053
75.20779999999957
74.36479999999965
84.12679999999948
74.57199999999969
74.39519999999978
74.42399999999981
74.41759999999974
71.02199999999992
74.54400000000001
71.59679999999999
80.9255999999996
81.94480000000023
81.91440000000011
81.8872
82.00586666666683
76.33813333333221
89.851199999999
88.09680000000141
88.13680000000137
80.85920000000023
80.88160000000012
80.11200000000096
80.52480000000078
86.8264000000008
90.06960000000058
93.69039999999973
105.77586666666659
90.69413333333482
82.33739999999904
83.04826666666631
79.74786666666785
76.75293333333427
79.5920000000012
80.00300000000134
79.48000000000128
75.7152000000005
77.61360000000077
75.40960000000099
75.43520000000089
75.8992000000002
78.14079999999993
75.98079999999997
68.24159999999927
76.47680000000014
76.05513333333437
80.1776000000008
80.22400000000061
80.2096000000007
89.99986666666734
90.26880000000084
90.2592000000007
90.28800000000072
80.82320000000057
80.81040000000053
80.83280000000059
80.83600000000055
79.73066666666747
80.6495333333332
91.80940000000024
90.45373333333384
89.20213333333284
82.2980666666679
78.06053333333254
80.71673333333472
92.23120000000137
92.24720000000133
94.00139999999973
88.74266666666682
96.23279999999917
87.17519999999995
96.46880000000108
96.44000000000099
96.44480000000101
96.46400000000106
96.467200000001
86.82479999999863
86.80879999999868
86.86799999999862
96.58400000000124
96.57920000000125
86.9127999999986
86.3575999999991
86.1582666666659
86.25519999999915
86.39599999999903
87.13519999999836
87.19599999999836
87.20079999999838
87.21999999999831
88.33439999999831
86.82799999999871
77.55920000000026
86.61999999999884
96.76466666666812
106.3256000000021
103.68746666666763
96.36240000000156
89.29720000000057
93.88680000000113
95.99920000000114
104.42800000000132
88.54580000000057
88.57440000000055
92.42546666666554
87.1887999999997
86.14160000000122
77.82239999999871
77.81599999999867
77.83199999999876
77.83999999999872
81.73920000000008
81.72000000000016
81.70240000000017
81.84640000000033
81.8624000000004
89.90160000000108
99.62240000000045
94.6473333333334
91.08206666666653
94.59226666666754
94.64373333333413
88.34746666666776
99.48706666666601
83.90693333333262
83.95386666666587
78.51999999999867
87.18913333333424
100.0735333333343
100.7448000000009
99.15433333333343
101.53519999999916
101.54159999999924
101.52879999999925
101.80879999999951
94.0104000000005
92.70719999999929
91.620199999999
84.36399999999824
84.35439999999831
80.37420000000002
72.39040000000138
72.40000000000138
62.67919999999904
55.41440000000029
55.42240000000024
47.99839999999884
57.696799999999435
61.10640000000142
61.143200000001514
61.146400000001535
61.154400000001466
61.144800000001524
61.14960000000153
61.17040000000156
61.9151999999993
68.04400000000003
59.690599999999364
64.46466666666551
63.05453333333367
68.26960000000051
60.67199999999986
60.76159999999996
60.748799999999996
60.788799999999995
63.51199999999976
63.519999999999854
63.53439999999981
71.52893333333228
59.852800000000734
59.86720000000068
59.929600000000775
59.98880000000089
60.003200000000895
59.982400000000816
60.0160000000009
68.00826666666707
68.45840000000052
60.650400000000914
55.527333333333665
70.70480000000093
68.27333333333438
60.70960000000105
63.50799999999932
62.58893333333262
64.52880000000054
74.07200000000101
73.47786666666762
74.05440000000092
72.41613333333342
82.32879999999832
91.63679999999917
88.8024000000017
89.08080000000146
89.07120000000148
88.41086666666794
89.02640000000152
79.35359999999955
79.3407999999996
79.38719999999961
89.09200000000148
90.18320000000035
90.21200000000032
90.23600000000023
81.95519999999841
81.9631999999984
82.00479999999837
72.4951999999984
73.13666666666829
46.620800000001246
46.12960000000116
37.699200000000666
37.7664000000007
38.26720000000092
38.25920000000092
35.32240000000087
34.13440000000045
34.17120000000043
42.27053333333254
35.3552000000009
27.505599999999927
34.532599999999654
27.523199999999914
45.68659999999921
45.51439999999914
45.5463999999991
45.55919999999911
44.491199999999274
44.28000000000067
47.12493333333368
54.1266666666666
51.73346666666757
52.54700000000147
49.42400000000077
49.51360000000077
49.55680000000082
49.622400000000816
49.7088000000009
49.53760000000087
49.55520000000082
58.19060000000042
59.453600000000364
59.29520000000045
50.0272
50.06879999999992
58.40400000000033
64.92320000000049
81.13519999999939
77.62033333333305
85.89306666666538
88.41279999999844
88.34506666666766
88.52560000000099
80.85920000000034
81.14280000000039
80.86400000000036
80.87680000000032
80.16479999999922
90.90160000000162
82.63200000000063
74.91760000000122
75.60080000000066
65.88640000000059
65.88960000000064
65.97600000000067
73.12386666666698
70.75000000000074
66.0000000000007
73.91786666666721
79.65226666666648
81.66426666666732
68.86986666666736
72.00280000000075
62.746400000000975
72.01600000000084
72.05773333333416
71.5160000000008
79.71973333333379
79.87080000000054
71.58853333333236
71.55579999999912
79.76853333333378
68.41306666666551
60.756666666665645
60.67999999999904
60.705599999998945
64.14560000000061
64.13280000000059
74.18880000000111
73.16159999999952
82.68719999999888
90.45600000000047
90.20000000000013
90.21120000000009
90.19359999999996
90.17280000000005
90.20000000000007
90.2400000000001
90.24160000000013
80.96339999999968
79.67253333333443
80.63840000000036
70.68480000000022
78.00560000000146
77.99760000000141
76.73999999999937
85.35713333333264
96.05840000000157
87.699999999998
87.699999999998
88.77360000000013
59.234133333332906
51.478400000000626
52.52480000000128
55.95039999999877
64.36160000000092
61.579600000000724
68.17119999999868
51.158933333332115
54.48559999999876
55.13946666666541
54.386799999999845
58.3584000000005
58.388800000000494
55.403200000000254
55.41920000000022
54.303999999999284
55.424000000000255
61.916000000000814
61.9352000000008
61.94640000000085
61.94800000000082
53.578399999998645
53.59599999999861
61.907200000000024
60.812800000000514
68.17653333333267
52.7490666666666
54.076799999999885
46.60639999999982
62.53039999999984
62.58399999999982
62.60159999999979
62.619199999999935
75.94319999999888
83.24319999999963
75.15040000000064
75.73679999999962
75.76399999999951
75.75279999999962
75.7431999999995
84.14000000000054
84.1256000000005
75.71439999999966
75.75599999999957
72.7575999999996
62.77359999999955
64.65466666666609
61.442333333332584
61.13199999999937
71.12239999999886
71.18959999999888
70.29760000000046
70.31520000000044
73.3248000000005
73.35680000000045
81.61279999999898
82.04000000000123
73.72240000000109
49.733600000001076
49.7400000000011
48.17306666666797
44.900000000000844
44.900000000000844
44.900000000000844
53.1999999999985
53.1999999999985
61.5
69.89999999999846
69.89999999999846
61.86946666666498
53.3000000000015
62.600000000001046
72.10000000000169
63.80000000000174
63.80000000000174
67.76866666666847
66.80000000000179
82.92693333333143
82.69999999999798
98.8999999999972
98.8999999999972
98.8999999999972
98.8999999999972
98.8999999999972
98.8999999999972
88.19999999999808
88.19999999999808
91.19999999999852
98.43559999999994
102.3999999999971
102.3999999999971
102.3999999999971
102.3999999999971
102.3999999999971
78.89999999999797
87.39999999999762
83.60000000000224
83.24079999999893
83.27279999999898
76.0143999999991
58.13839999999981
60.645466666667616
70.1936000000012
61.89040000000084
54.727200000000266
54.752800000000306
54.796000000000205
54.86480000000022
54.900000000000226
62.79680000000007
71.00959999999846
87.80000000000197
87.80000000000197
87.80000000000197
87.80000000000197
80.10000000000208
88.87440000000024
81.37440000000002
73.00800000000004
66.49039999999998
73.00320000000004
80.17279999999984
80.18239999999984
76.17259999999891
80.22559999999979
80.23839999999983
80.21599999999981
87.73359999999977
87.75439999999973
88.93039999999851
81.60640000000036
81.67200000000045
73.4959999999989
63.82959999999948
63.832799999999544
53.88559999999955
53.90159999999961
40.111599999998944
71.45840000000065
64.0160000000008
64.07680000000089
87.97260000000031
81.95599999999924
73.6527999999988
77.45599999999926
60.348000000000056
60.384800000000084
57.375199999999964
29.75719999999988
32.0
32.0
56.600000000000534
63.899999999998855
56.18320000000008
46.152799999999914
49.516266666666866
69.76480000000016
61.46479999999866
78.86960000000158
78.88720000000166
75.90640000000151
76.50333333333525
75.89520000000158
42.79039999999992
43.504799999999015
43.53199999999895
51.039999999998784
51.04319999999872
51.04959999999871
66.26240000000041
75.82640000000046
67.17860000000118
59.928800000000166
58.10000000000067
70.87019999999819
71.19999999999814
68.28960000000107
60.60079999999846
65.75040000000122
59.48480000000066
69.49440000000136
76.99733333333424
77.68000000000178
77.69280000000174
77.80000000000194
58.10000000000067
56.199999999998425
56.199999999998425
63.899999999998855
65.05359999999972
83.16640000000169
70.47599999999926
74.82399999999916
74.82719999999908
67.40239999999915
77.41359999999924
74.45359999999927
83.7231999999993
74.29039999999935
77.33679999999927
85.15760000000061
77.87839999999923
66.68640000000046
56.30880000000034
56.32640000000031
44.92186666666565
52.84880000000048
62.344000000000094
65.36159999999984
57.148666666667005
70.31280000000025
66.55599999999937
66.64399999999932
56.61679999999975
55.55279999999999
63.650533333335005
65.24479999999829
73.66720000000173
81.96719999999794
89.52759999999824
71.57999999999994
79.88640000000186
79.8992000000018
70.43513333333324
84.70560000000219
81.31359999999822
81.29759999999813
81.29279999999818
79.80559999999822
87.58799999999992
87.58319999999995
98.60879999999989
88.63759999999986
75.84799999999821
71.98080000000157
71.98560000000155
63.7031999999999
55.51280000000127
55.53200000000129
55.55760000000129
48.08640000000104
44.27520000000011
52.71520000000005
63.51280000000069
63.57200000000094
63.57520000000086
55.804000000000094
59.21999999999946
77.3687333333329
75.99999999999999
92.5
109.70000000000074
108.95920000000038
105.56079999999882
104.40493333333329
111.81200000000088
104.10000000000295
93.72159999999792
91.32973333333146
87.42400000000052
85.98240000000195
77.30000000000194
99.5
89.60000000000248
84.72919999999948
81.39999999999786
75.31280000000025
75.35440000000041
75.94480000000135
84.31600000000134
93.6448000000004
83.64480000000032
83.66400000000031
80.70560000000025
80.75200000000021
80.7600000000002
80.77280000000017
72.35360000000124
72.35680000000133
72.40480000000143
65.89840000000108
58.08400000000139
58.08720000000138
50.81919999999998
57.33360000000002
57.32720000000002
64.83360000000008
58.33200000000006
58.35120000000008
65.77039999999879
42.16560000000112
30.63039999999944
38.956000000000174
40.804000000000954
38.98960000000021
39.02320000000022
46.88720000000064
48.79613333333438
64.35720000000069
72.44239999999921
72.42319999999917
72.43759999999929
82.46799999999936
71.21759999999954
71.23039999999956
82.03760000000206
91.5232000000024
91.53600000000246
91.5376000000024
79.07420000000039
76.0472000000018
76.0456000000018
76.03920000000181
84.24080000000193
84.2280000000019
86.98360000000059
77.14640000000041
86.87520000000029
94.40239999999962
94.42159999999961
90.10506666666444
83.5324000000007
75.54640000000074
75.55760000000073
65.5
55.800000000001575
71.80000000000186
64.30000000000175
67.6999999999982
67.6999999999982
79.45040000000097
80.036000000002
80.04880000000199
80.05360000000202
67.67233333333263
65.89940000000131
69.94879999999917
63.100000000001074
63.100000000001074
72.96999999999935
79.76520000000154
79.66160000000158
71.12413333333173
70.8999999999984
70.8999999999984
70.8999999999984
70.8999999999984
70.8999999999984
70.8999999999984
79.10000000000204
70.84720000000048
69.1000000000015
69.1000000000015
69.50960000000127
79.51760000000169
79.53520000000172
79.56400000000166
81.43440000000007
72.15039999999821
72.1567999999982
85.51613333333182
78.70359999999803
63.064800000001036
63.06640000000104
81.65973333333119
61.104799999998754
45.34700000000078
42.99146666666685
51.14479999999874
56.09373333333326
70.6631999999982
84.58493333333115
78.1711999999981
82.46960000000003
82.0104000000004
78.65040000000127
70.33600000000119
73.75999999999877
84.33820000000131
84.41600000000138
76.21120000000126
76.20960000000132
74.1999999999981
56.69999999999841
59.69999999999834
60.002399999998644
55.32573333333209
47.32800000000008
47.35520000000007
50.76480000000025
50.79040000000025
39.75613333333395
39.696800000000714
39.676000000000705
39.74640000000066
46.44819999999973
57.15200000000112
60.164800000001144
57.20000000000105
64.9239999999998
55.64639999999877
66.88399999999866
66.88719999999866
84.04773333333559
82.08959999999875
74.87699999999965
65.1305333333321
81.22586666666804
81.24000000000125
88.5329333333353
81.28960000000117
73.97066666666571
81.388800000001
63.787400000000865
73.10879999999933
86.1783999999994
86.18319999999926
84.48240000000001
92.69300000000128
90.92440000000072
67.53519999999946
71.29199999999909
71.35439999999903
73.0840000000017
73.0840000000017
73.0808000000017
71.17800000000169
94.75920000000099
94.80000000000099
61.3535500000001
64.54564999999987
66.45659999999998
70.04964999999997
72.10129999999988
73.29814999999996
74.94224999999966
74.32014999999981
79.16065000000003
80.99999999999983
82.03620000000001
80.96729999999997
83.27185000000031
85.40449999999998
82.24204999999952
83.16719999999982
80.64260000000016
86.13270000000031
89.37265000000096
86.73170000000013
89.99600000000055
91.6527000000002
93.83920000000033
87.93745000000007
84.30755000000009
85.81620000000008
89.1132500000007
84.81460000000021
84.44290000000046
86.56375000000061
85.11709999999961
82.19739999999992
81.26145000000017
87.66750000000008
86.15209999999998
87.31254999999975
86.68964999999952
85.13575000000048
84.17194999999921
84.55360000000015
84.38729999999991
84.7207999999999
86.40994999999978
86.9239999999991
82.02945000000076
83.96504999999955
87.02124999999972
87.23514999999969
83.25184999999989
81.97530000000005
81.29194999999945
80.9337
81.16704999999988
82.7927499999998
81.6220499999995
82.73545000000001
80.64490000000035
83.07609999999963
82.97079999999958
79.99470000000021
79.31780000000032
76.96880000000016
78.6382499999999
76.29130000000082
73.74005000000179
75.49915000000081
76.29190000000115
78.89769999999992
77.81220000000017
75.49160000000123
77.39779999999996
74.28905000000026
76.8820000000002
77.31139999999994
77.38355000000003
77.5408
77.36330000000038
77.30564999999984
76.6192999999997
76.29174999999992
76.18099999999991
76.43924999999994
76.59199999999983
76.46999999999994
76.74504999999986
77.41179999999966
77.3607999999997
77.29145000000025
77.0235500000003
80.15464999999922
82.16359999999881
79.76919999999915
77.87739999999964
81.60704999999906
81.03534999999904
82.61144999999897
84.68244999999867
84.06599999999867
85.6303999999979
83.36229999999884
83.513149999999
84.08224999999867
84.04324999999847
85.31149999999782
87.11444999999756
87.11454999999728
86.37609999999744
87.39764999999792
87.87699999999855
87.16824999999889
86.16774999999825
84.55025000000072
79.15609999999866
79.02469999999879
73.11594999999878
65.8216000000004
76.07914999999772
74.09644999999868
68.51119999999939
66.1292000000021
65.63230000000225
65.75285000000227
65.97350000000223
65.04090000000225
65.2783500000023
64.25390000000219
60.00600000000011
55.81029999999809
56.00244999999832
56.30849999999941
56.538099999999645
56.60329999999975
56.773799999999774
54.60560000000038
61.8009999999982
62.58474999999799
62.47929999999804
64.64109999999792
64.57924999999827
64.08029999999793
66.17579999999865
63.31119999999852
64.65099999999839
62.949199999998356
62.603799999998
68.04594999999813
63.241999999997866
63.020699999998044
63.40029999999787
63.42404999999914
63.72854999999953
63.764649999998895
64.13279999999789
64.35529999999788
72.19309999999976
72.26939999999983
75.60299999999847
75.79859999999837
72.43139999999985
75.68879999999983
70.06255000000111
72.11349999999901
73.88889999999877
75.51489999999873
63.536100000000495
60.86569999999892
61.183599999998926
61.05804999999857
58.852999999998275
53.89999999999817
60.40340000000176
54.39079999999841
58.79805000000119
54.74235000000133
51.75020000000073
46.32429999999966
46.64529999999978
45.960999999999615
51.72450000000079
51.37154999999905
56.670450000000244
59.796550000001176
67.8169499999998
60.29860000000124
60.76720000000128
53.57509999999961
50.86660000000026
52.95964999999961
44.95574999999957
46.670899999999
48.89809999999841
50.55689999999838
48.856599999998394
51.1064999999988
53.69844999999899
54.683699999999845
51.558400000001484
46.194700000000324
44.37490000000134
48.086399999999024
51.51089999999979
36.223999999999414
39.40919999999914
33.60720000000006
41.82645000000128
34.8254499999999
41.54839999999947
41.513599999998725
41.65639999999868
41.81279999999867
38.98769999999875
48.44910000000128
52.90650000000159
58.55099999999807
69.10880000000157
78.30659999999989
78.35419999999982
78.40879999999977
78.4155999999998
78.57289999999978
85.34329999999909
71.48910000000075
79.31119999999996
79.31879999999984
71.74999999999947
72.21579999999952
75.68719999999998
82.52860000000075
81.60730000000031
80.47220000000036
80.35370000000037
84.21579999999702
84.25504999999693
84.31289999999694
84.30199999999698
84.31009999999723
72.66405000000033
61.72440000000191
61.53770000000191
60.04800000000142
75.35409999999912
68.67820000000111
76.09820000000222
65.05990000000048
64.86590000000042
64.66659999999878
63.22619999999843
67.14989999999867
73.51809999999963
79.87199999999847
77.12839999999991
77.12980000000012
77.27599999999997
73.4645999999995
73.32219999999786
73.7375999999979
92.16130000000099
94.72060000000288
89.05939999999747
84.97270000000134
85.10390000000122
91.31949999999962
85.35420000000104
89.48859999999706
89.85645000000135
89.87020000000142
87.8063999999998
87.93899999999968
87.98319999999997
88.26540000000016
80.92889999999863
80.84189999999835
86.08860000000035
88.96109999999881
89.01819999999874
89.14139999999689
82.31080000000289
82.35500000000282
82.37200000000288
82.42300000000284
77.05359999999997
69.3639999999975
59.41679999999796
59.48139999999796
59.64799999999795
65.45680000000186
65.52140000000179
53.447099999999715
51.46510000000099
66.6207499999982
53.760049999999815
66.00440000000174
70.27844999999986
57.711249999998444
73.47160000000257
70.30164999999782
75.89629999999714
65.98659999999984
66.04099999999985
66.12419999999992
66.2444000000024
64.81440000000232
63.27960000000201
50.97050000000078
60.428350000000414
65.762600000002
65.759200000002
73.52700000000274
62.61300000000221
65.5657000000024
61.37020000000165
70.19055000000031
58.01780000000051
58.182800000000604
46.51600000000062
46.58060000000064
41.064200000001094
43.64640000000017
43.86060000000008
51.34280000000161
51.6556000000016
54.60000000000171
54.60000000000171
44.60000000000079
58.80000000000196
69.0
69.0
71.30000000000095
72.80000000000068
69.0974000000007
55.899999999998194
65.89999999999759
56.49799999999901
46.8160000000002
47.98260000000025
57.65600000000029
57.62540000000032
52.85360000000102
56.46500000000187
61.97719999999926
62.30000000000201
62.30000000000201
55.5
55.5
62.30000000000201
60.49999999999999
50.99999999999999
50.6999999999982
48.064999999998506
48.2234000000014
42.80559999999986
41.72479999999982
44.80000000000166
46.50000000000001
38.69999999999854
49.89999999999868
49.89999999999868
57.10000000000189
51.69999999999818
57.5
57.5
59.867700000000326
59.10000000000202
56.13180000000188
59.10000000000202
55.199999999998106
36.40000000000034
36.40000000000034
39.39999999999988
57.64599999999962
50.87859999999932
60.49959999999948
55.497399999999445
55.76939999999954
48.118999999998366
60.84339999999795
58.047399999998014
61.56980000000215
61.66840000000216
85.58399999999759
81.38400000000023
81.4588000000002
72.26079999999781
70.20840000000103
64.54920000000233
49.461399999998854
51.91179999999848
49.46140000000077
57.37360000000188
53.03140000000177
66.45560000000204
65.55860000000197
46.66524999999829
46.94654999999832
51.68839999999854
40.650700000000924
24.140799999999704
27.455799999999996
34.81399999999947
37.759200000001414
43.94359999999977
43.78900000000101
49.69540000000123
50.168800000001475
50.23000000000139
59.480499999998045
61.52639999999957
47.90389999999886
55.77319999999854
46.8559999999986
52.63759999999836
56.16000000000189
65.82179999999845
75.91019999999983
76.01100000000007
74.30000000000044
57.10000000000189
73.69999999999946
67.0
72.80000000000068
75.80000000000021
67.60000000000251
69.06280000000092
59.57839999999801
61.57899999999944
55.899999999998194
48.60000000000121
65.69999999999797
61.07080000000044
51.493200000001764
61.42799999999801
47.69859999999873
67.33799999999763
54.946799999998184
47.20120000000045
50.65280000000165
60.16499999999873
69.53020000000178
88.01579999999937
81.39999999999695
77.0
69.8000000000012
75.1999999999997
72.80000000000068
79.70000000000037
83.89999999999685
84.20000000000098
77.29999999999997
71.8999999999973
54.480199999998995
49.0
42.19999999999842
42.19999999999842
42.19999999999842
47.39999999999892
47.39999999999892
65.89999999999759
68.30870000000088
70.19999999999885
72.36759999999866
70.09000000000081
48.19200000000121
53.045600000001365
50.7258000000014
62.65299999999789
55.230000000001894
62.526399999998745
69.34540000000236
62.86580000000228
55.6999999999981
59.80000000000197
59.80000000000197
59.60000000000206
65.0195999999985
65.14199999999855
80.05079999999991
87.90860000000023
87.97660000000015
78.10920000000006
95.85200000000282
86.52000000000078
72.70160000000064
60.41379999999814
55.14100000000179
61.808999999998015
64.65999999999765
80.18720000000006
89.67559999999689
99.14159999999671
93.56150000000342
78.54839999999979
75.20619999999731
81.84020000000004
77.46060000000283
81.17759999999944
75.3742
65.9742000000024
74.21250000000045
53.1205000000016
46.300000000001695
54.99999999999999
38.69999999999854
34.82950000000062
26.631650000000768
17.70000000000026
31.199999999998887
41.100000000000364
39.30000000000148
50.89999999999859
54.37909999999997
41.0
57.830999999998085
76.9415
59.48074999999795
72.10000000000271
63.07735
57.05140000000188
45.69999999999832
47.5
43.34830000000159
33.9000000000008
70.78439999999745
78.57420000000013
68.79459999999752
78.20819999999982
72.7218000000007
76.91840000000002
76.9252
64.39999999999766
47.70890000000107
79.0334000000002
86.05040000000113
86.06060000000114
89.49800000000327
89.49460000000322
89.48100000000323
81.70139999999934
78.51840000000291
60.84420000000194
68.47520000000254
56.300000000001916
57.93725000000195
41.80000000000157
60.69849999999788
47.89999999999886
38.96380000000145
45.45040000000091
53.74699999999842
53.7979999999984
61.02500000000214
91.18099999999822
77.0
70.07759999999881
51.5707999999982
59.34699999999996
64.74359999999777
74.14700000000046
74.04940000000003
78.08100000000007
79.88689999999998
73.1980000000006
67.38779999999996
64.89799999999997
66.28829999999996
49.13199999999823
50.141499999998224
38.14219999999858
33.345600000000886
68.4694
68.57150000000253
62.0728000000022
68.0296000000025
85.08300000000317
79.69510000000037
102.35179999999637
88.48639999999999
66.82235000000178
73.89999999999722
63.92999999999768
78.77269999999974
62.91359999999774
68.7823000000014
72.08620000000269
57.20284999999807
64.59915000000234
51.80540000000182
59.596400000002056
67.09235000000248
61.385599999997844
59.506649999999986
65.944
52.451199999998465
88.56600000000326
76.13420000000285
74.6540000000028
72.39999999999728
57.49999999999999
73.60000000000277
71.8999999999973
59.199999999998035
58.60000000000199
65.40140000000207
60.10000000000209
42.99999999999999
58.000600000001924
69.71810000000121
51.45779999999854
56.80249999999817
57.98954999999997
62.98560000000002
54.45654999999835
56.19999999999809
52.862100000001824
50.72740000000137
60.067399999998024
63.60000000000229
60.797999999997934
60.79459999999795
66.60819999999816
69.6000000000026
75.0741
63.10000000000226
62.800000000002015
59.10000000000202
72.44610000000259
66.02159999999996
53.416400000001616
54.94820000000167
52.350399999999965
51.71279999999859
47.7605999999989
54.55719999999811
41.100000000000364
55.5
40.699999999998475
32.09999999999898
49.718400000001765
55.43539999999998
62.64219999999799
70.36859999999997
59.84899999999794
73.85239999999726
59.60000000000206
78.5
76.10000000000286
58.80000000000196
58.80000000000196
47.905849999998885
44.4685
40.0
26.47410000000091
36.40000000000034
38.09999999999993
45.10000000000085
47.41029999999998
54.21840000000185
54.23880000000186
38.15119999999994
47.55515000000109
49.76815000000177
45.792350000001676
48.29240000000175
41.9974
37.701399999998586
46.79370000000171
37.3016000000014
45.89729999999906
40.79510000000153
42.399999999999466
60.399999999997895
56.69999999999808
63.5
71.5
86.20000000000124
61.8999999999978
46.69999999999829
54.899999999998265
46.5
49.600000000001295
59.0
61.39999999999783
65.0
54.19999999999812
30.0
48.5
42.0
51.8999999999985
56.89999999999812
74.69999999999962
75.10000000000284
55.39999999999822
55.300000000001894
54.99999999999999
71.69999999999912
71.60000000000268
71.30000000000095
57.60000000000193
60.399999999997895
50.19999999999821
36.49999999999999
55.6999999999981
51.49999999999999
58.99999999999999
57.39999999999809
77.20000000000002
75.10000000000284
52.0
52.0
44.99999999999999
47.6000000000011
37.300000000001404
46.80000000000171
43.80000000000163
44.69999999999835
35.30000000000132
29.80000000000103
46.69999999999829
55.10000000000175
57.69999999999806
71.39999999999732
72.89999999999726
71.30000000000095
79.39999999999701
88.49999999999999
78.39999999999705
83.60000000000313
84.49999999999999
54.30000000000188
58.199999999998056
74.80000000000037
73.39999999999723
73.39999999999723
55.899999999998194
42.30000000000159
71.0
68.39999999999746
70.49999999999999
46.5
54.69999999999811
41.60000000000043
44.60000000000079
37.199999999998596
39.699999999998504
26.800000000000818
39.699999999998504
49.600000000001295
57.60000000000193
42.10000000000049
41.100000000000364
48.89999999999877
48.0
20.5
10.0
19.20000000000001
39.5
30.199999999998948
46.5
55.899999999998194
59.60000000000206
71.60000000000268
69.19999999999868
78.89999999999704
59.69999999999803
76.80000000000004
66.80000000000179
72.60000000000272
78.29999999999981
75.80000000000021
75.89999999999714
69.10000000000258
70.60000000000264
75.89999999999714
69.89999999999739
69.89999999999739
72.0
50.89999999999859
61.39999999999783
67.30000000000169
70.19999999999885
73.10000000000275
85.10000000000318
83.49999999999999
74.1000000000028
52.39999999999846
41.100000000000364
48.300000000001745
49.10000000000125
48.39999999999881
51.19999999999819
41.0
47.80000000000174
73.19999999999939
79.39999999999701
73.10000000000275
83.0
75.1999999999997
74.0
79.39999999999701
73.10000000000275
79.29999999999968
98.10000000000353
100.20000000000267
95.2000000000022
83.0
94.2000000000021
87.70000000000141
83.39999999999687
78.0
73.80000000000052
83.20000000000086
86.39999999999678
72.39999999999728
60.399999999997895
54.80000000000189
38.89999999999995
39.800000000001496
30.09999999999901
39.5
30.80000000000109
23.80000000000055
52.39999999999846
56.89999999999812
50.30000000000179
60.30000000000198
58.99999999999999
79.10000000000298
75.10000000000284
79.60000000000299
74.1000000000028
65.30000000000206
53.800000000001866
59.0
55.60000000000179
59.39999999999795
50.60000000000138
54.80000000000189
62.5
67.8000000000016
71.30000000000095
61.8999999999978
58.100000000001955
58.300000000001944
53.399999999998386
42.49999999999999
55.0
55.0
54.899999999998265
61.8999999999978
59.39999999999795
64.30000000000204
73.0
88.39999999999672
75.69999999999978
64.69999999999796
56.89999999999812
76.39999999999712
74.69999999999962
66.89999999999755
57.89999999999805
87.29999999999863
64.30000000000204
67.69999999999838
54.899999999998265
83.89999999999685
83.0
70.89999999999735
73.0
67.3999999999975
73.10000000000275
61.199999999998006
68.0
51.300000000001816
43.49999999999999
37.099999999999774
42.89999999999941
37.900000000000105
43.5
69.19999999999868
53.89999999999834
60.0
81.10000000000305
59.199999999998035
60.19999999999802
48.10000000000116
43.99999999999999
46.10000000000095
54.80000000000189
48.0
41.3999999999996
52.0
32.59999999999897
35.099999999999426
37.099999999999774
31.800000000001145
49.10000000000125
64.19999999999796
63.60000000000229
63.60000000000229
50.399999999998634
60.399999999997895
60.399999999997895
65.5
72.60000000000272
72.5
60.60000000000212
80.89999999999696
71.69999999999912
65.39999999999762
63.5
71.19999999999904
70.5
59.300000000001965
49.300000000001766
47.80000000000174
39.89999999999981
43.699999999998376
63.19999999999798
52.60000000000156
64.80000000000204
56.69999999999808
54.5
65.30000000000206
46.199999999998305
53.10000000000159
64.80000000000204
59.80000000000197
49.199999999998234
47.89999999999886
51.80000000000182
70.50000000000001
64.30000000000204
64.30000000000204
80.60000000000302
85.5
83.70000000000091
85.70000000000117
50.60000000000138
58.199999999998056
80.89999999999696
67.3999999999975
68.60000000000255
60.80000000000199
81.20000000000059
87.89999999999674
87.89999999999674
77.29999999999997
52.699999999998155
52.39999999999846
53.600000000001636
58.300000000001944
56.5
67.69999999999838
58.300000000001944
68.3000000000015
61.199999999998006
45.39999999999912
32.90000000000099
44.69999999999835
63.19999999999798
64.60000000000235
62.699999999997985
67.89999999999748
62.19999999999799
48.0
43.600000000000676
49.199999999998234
55.80000000000191
64.39999999999766
83.29999999999913
83.29999999999913
77.89999999999706
66.0
62.60000000000224
58.89999999999799
55.5
66.10000000000241
60.30000000000198
56.69999999999808
35.5
46.39999999999902
53.600000000001636
33.09999999999905
48.199999999998255
38.80000000000146
75.80000000000021
71.30000000000095
62.00000000000001
67.30000000000169
75.10000000000284
65.10000000000237
75.50000000000001
74.60000000000281
67.60000000000251
62.19999999999799
76.5
73.5
61.8999999999978
58.60000000000199
60.19999999999802
68.80000000000142
60.77759999999992
64.07136000000024
67.51544000000013
68.29807999999993
68.64168000000008
69.58611999999995
71.13591999999989
69.69468000000005
71.8408000000002
74.76519999999995
76.87591999999984
75.18659999999988
76.9732800000002
81.47616000000009
82.75195999999966
81.84524000000003
82.4914399999998
85.31652000000021
80.76043999999999
81.1141599999996
81.34191999999922
80.45627999999984
78.8444400000002
72.7466400000007
74.06568000000033
74.34068000000003
75.78828000000019
79.91212000000064
79.58788000000018
78.3508400000006
80.11108000000046
81.58568000000174
83.99088000000103
82.82296000000161
78.75707999999969
80.57108000000083
82.69268000000066
80.65232000000051
80.14136000000038
84.09376000000148
83.39256000000024
86.65339999999969
83.64107999999942
79.66644000000116
78.5966400000009
82.0256800000017
76.3128400000017
75.25220000000122
71.52332000000128
73.78488000000085
76.86256000000002
76.1493599999993
74.09715999999926
78.48572000000078
77.61836000000011
76.37504000000025
80.90720000000098
77.28004000000057
71.84344000000262
71.85128000000279
71.42868000000301
71.09724000000294
74.165840000002
72.90512000000271
76.24608000000113
76.3758800000006
82.51999999999754
84.52175999999683
86.6377599999964
85.94055999999638
85.11107999999709
84.27695999999828
84.99763999999719
84.12795999999653
84.35247999999645
84.49583999999655
84.71059999999643
84.87087999999626
84.16459999999643
81.84015999999717
83.22543999999658
84.60739999999718
85.17687999999644
84.53743999999757
83.96011999999682
84.36767999999635
84.33347999999764
80.04131999999996
82.36480000000071
84.65079999999855
85.00299999999807
83.83975999999915
83.2238799999989
76.80972000000253
78.06452000000229
77.05020000000255
75.16024000000304
74.85632000000292
75.27796000000312
75.07856000000305
75.79868000000289
74.92180000000293
72.26324000000153
75.49684000000238
74.9132400000022
74.4042400000026
75.1702800000028
75.00036000000303
75.13436000000307
72.90512000000201
71.38064000000124
68.26852000000012
72.635880000002
71.54216000000073
69.05100000000016
69.51368000000049
71.85608000000157
64.08519999999962
62.136440000000384
59.15144000000147
60.739880000000646
61.30304000000049
60.609280000000645
64.75008000000153
65.08032000000166
65.36504000000156
66.6148000000015
69.54576000000233
66.54840000000218
66.71520000000217
67.62004000000177
68.32168000000195
68.74024000000206
69.14752000000222
63.47856000000107
64.89824000000094
62.53312000000055
62.778400000000524
62.90896000000043
62.978080000000446
68.33307999999992
62.75076000000073
58.271520000002404
59.32352000000271
59.34656000000271
53.009239999998954
58.284400000002144
59.80644000000091
58.52864000000245
69.37744000000188
66.50764000000214
80.95267999999886
76.05819999999729
83.02251999999822
81.74087999999833
84.2807599999975
81.18919999999656
78.13367999999699
69.34479999999998
67.40560000000036
73.83424000000136
74.35336000000156
74.74756000000171
76.06924000000242
75.4489600000019
75.60256000000207
75.82144000000213
64.98448000000029
67.59847999999904
67.95311999999917
66.27015999999908
71.63416000000235
82.45688000000244
81.50816000000269
89.7489199999972
91.04244000000239
93.74632000000355
93.78600000000355
82.15391999999717
88.78595999999933
74.08055999999873
79.58947999999957
81.69511999999845
76.08095999999824
76.51871999999838
73.62335999999736
76.96031999999856
80.56864000000301
77.91887999999886
72.36392000000218
73.07132000000256
71.11848000000225
75.64196000000048
70.4218800000016
77.70611999999998
91.88859999999922
92.14143999999922
92.5530399999993
86.2484799999965
91.74903999999938
86.48083999999778
86.8809999999972
82.64792000000347
88.46432000000353
88.63712000000356
88.26152000000293
100.68351999999592
100.90239999999595
93.0715199999994
92.90751999999952
91.23588000000073
77.8152399999967
75.76859999999847
77.82479999999664
77.93231999999658
78.1319999999966
86.11647999999714
86.15103999999712
86.24319999999703
86.30079999999704
80.54984000000002
86.40063999999704
83.66044000000228
83.9851199999971
83.95823999999708
84.06959999999708
93.58111999999622
97.37344000000388
91.0502400000038
90.09664000000085
92.09679999999982
92.15823999999984
88.38012000000353
88.40800000000354
88.43504000000351
88.43504000000353
88.45424000000354
86.03668000000333
86.03136000000332
86.03788000000333
81.39163999999997
81.36775999999998
81.41551999999996
59.61812000000215
55.63988000000059
57.68759999999994
58.09571999999973
80.32312000000333
73.98336000000123
65.37608000000206
61.551840000002876
67.81095999999684
72.66459999999826
62.09135999999838
54.32704000000046
54.883840000000305
55.43680000000016
56.04736000000001
52.59679999999888
59.269280000000364
59.595680000000364
46.97199999999873
48.45935999999933
45.72015999999926
40.138880000000775
36.57647999999886
34.92559999999991
28.099999999999437
37.69999999999828
41.80000000000183
50.49999999999999
60.19999999999971
53.60000000000247
30.199999999998578
36.17280000000071
32.80000000000154
42.69999999999814
68.057199999999
63.899999999996986
63.21663999999977
63.44191999999998
63.65055999999988
38.13176000000002
47.46959999999815
50.01567999999808
41.137600000001335
58.315
58.45775999999997
55.276320000002315
58.476959999999984
66.1842800000008
72.77635999999823
53.799720000001706
52.60020000000241
47.70215999999803
42.604200000001605
36.03596000000147
40.98724000000111
38.31495999999866
28.432319999999937
46.39999999999805
49.17232000000176
65.6411199999996
64.50239999999948
64.61375999999962
72.16351999999682
78.9324799999996
81.11295999999967
80.39999999999641
69.89999999999675
69.89999999999675
78.47408000000333
88.21247999999693
76.02400000000324
76.0931200000033
76.18528000000332
70.32752000000153
70.73904000000319
64.4505599999995
81.63119999999641
67.84119999999683
67.84359999999683
67.84479999999682
77.5465999999965
49.899999999997775
60.3311199999972
52.30000000000205
57.64256000000079
62.55408000000021
62.611680000000206
55.21168000000132
64.10016000000046
48.35724000000198
67.27327999999687
67.25023999999691
53.469440000002436
62.55788000000017
47.44743999999999
37.89999999999892
44.963079999999984
30.559999999999995
24.650759999999025
27.326400000001268
29.30000000000138
55.41792000000003
61.76943999999709
70.09248000000143
89.51552000000378
96.79087999999606
76.79999999999771
90.56448000000383
78.69304000000251
55.72079999999877
33.74175999999842
50.71559999999799
78.49440000000352
74.69904000000201
69.30111999999872
72.2000000000017
53.12760000000243
75.76795999999783
66.89999999999687
91.6322400000038
82.79691999999706
61.30040000000006
55.14623999999865
52.36127999999761
47.576640000002044
55.164239999998614
68.14420000000109
66.2723999999992
64.06100000000302
70.1836000000014
63.60000000000299
62.0
54.800000000001454
49.69999999999799
47.19999999999804
38.399999999998855
13.59999999999937
43.399999999998315
66.5
54.1999999999984
66.29999999999919
57.39999999999731
59.899999999997185
71.10000000000329
66.89999999999687
55.80000000000122
54.39999999999748
40.50000000000001
54.69999999999851
61.0
70.20000000000141
64.60000000000304
60.89999999999713
51.0
74.20000000000196
75.2999999999979
63.899999999996986
71.29999999999843
78.10000000000352
61.000000000000014
53.10000000000243
50.60000000000227
55.10000000000256
41.60000000000151
40.6999999999982
30.5
52.5
49.00000000000001
44.80000000000191
49.80000000000201
46.19999999999806
50.300000000002015
67.39999999999685
50.39999999999774
47.80000000000197
40.80000000000181
50.5
62.60000000000296
55.80000000000122
33.39999999999955
45.600000000001884
54.69999999999851
27.5
61.1999999999999
62.200000000000095
64.70000000000054
74.3999999999966
70.60000000000328
64.79999999999944
46.80000000000195
63.10000000000297
80.70000000000275
65.0
70.7000000000015
61.89999999999708
82.29999999999708
45.899999999998094
65.60000000000308
71.89999999999668
52.30000000000205
55.89999999999739
40.39999999999862
58.399999999997256
52.100000000002375
61.799999999999976
69.5
72.79999999999822
69.99999999999999
72.2000000000017
73.5
52.00000000000001
81.20000000000279
85.0
81.20000000000279
91.29999999999622
79.20000000000258
76.29999999999777
71.6000000000033
43.30000000000187
60.60000000000285
69.20000000000127
77.7000000000024
88.89999999999621
92.60000000000387
95.60000000000394
86.60000000000375
83.20000000000302
77.20000000000233
86.79999999999663
76.2000000000022
52.60000000000241
50.69999999999798
59.69999999999962
69.89999999999675
81.79999999999714
57.500000000000014
56.19999999999887
82.89999999999634
75.79999999999784
75.2999999999979
71.3999999999967
69.60000000000323
74.3999999999966
59.500000000000014
55.10000000000256
42.69999999999814
28.4000000000005
29.09999999999965
34.89999999999932
34.80000000000162
47.5
41.5
65.79999999999927
55.19999999999864
56.600000000002645
65.79999999999927
57.6999999999992
88.70000000000356
106.70000000000492
88.0
88.0
102.10000000000406
85.1000000000037
65.39999999999692
48.19999999999802
56.30000000000112
64.39999999999698
66.89999999999687
49.80000000000201
69.29999999999872
64.79999999999944
63.899999999996986
63.2999999999997
50.60000000000227
37.89999999999892
32.30000000000152
39.300000000001766
63.5
48.30000000000198
43.10000000000166
39.89999999999868
49.39999999999781
41.50000000000001
44.80000000000191
62.200000000000095
57.89999999999728
58.69999999999942
58.5
48.89999999999785
56.0
57.0
47.00000000000001
38.1000000000011
56.899999999997334
42.899999999998364
43.399999999998315
57.10000000000268
49.6000000000022
43.69999999999812
50.80000000000202
60.399999999997156
73.20000000000184
42.10000000000156
49.80000000000201
71.0
55.10000000000256
55.19999999999864
60.60000000000285
67.70000000000104
68.6000000000032
60.5
60.89999999999713
63.500000000000014
87.70000000000346
87.70000000000346
77.6000000000035
77.6000000000035
69.5
83.39999999999634
81.20000000000279
62.89999999999703
73.7999999999981
82.20000000000292
77.89999999999648
83.79999999999693
82.39999999999635
76.89999999999652
81.89999999999638
19.300000000000583
42.00000000000001
54.1000000000025
66.2000000000008
47.60000000000205
39.60000000000129
50.199999999997985
37.1999999999983
62.70000000000019
67.39999999999685
71.0
69.70000000000134
85.29999999999677
65.89999999999691
77.7000000000024
70.00000000000001
73.7999999999981
73.0
73.7999999999981
69.70000000000134
58.10000000000272
67.70000000000104
61.799999999999976
53.89999999999751
47.80000000000197
63.5
73.29999999999815
61.1999999999999
50.300000000002015
46.10000000000193
71.6000000000033
56.69999999999897
48.800000000001994
64.70000000000054
64.0
57.6999999999992
61.60000000000291
47.60000000000205
34.69999999999838
69.70000000000134
52.19999999999795
65.20000000000063
37.89999999999892
44.39999999999822
61.799999999999976
50.60000000000227
68.8999999999968
71.99999999999999
46.39999999999805
47.89999999999793
39.00000000000001
41.19999999999818
72.39999999999665
86.0
56.69999999999897
67.60000000000316
61.89999999999708
49.899999999997775
66.5
76.10000000000346
78.39999999999647
60.399999999997156
48.699999999998006
47.699999999998035
50.8999999999977
67.20000000000095
70.39999999999672
58.60000000000276
58.69999999999942
40.6999999999982
33.39999999999955
38.30000000000174
38.80000000000175
34.3000000000016
58.0
80.2999999999973
58.399999999997256
47.89999999999793
64.29999999999953
64.79999999999944
56.69999999999897
50.300000000002015
61.1999999999999
56.800000000001
62.60000000000296
70.5
67.60000000000316
54.800000000001454
62.89999999999703
65.89999999999691
60.399999999997156
58.30000000000067
46.80000000000195
49.39999999999781
24.699999999998905
32.600000000000314
42.60000000000161
27.699999999998706
38.19999999999826
41.30000000000182
55.89999999999739
53.30000000000183
63.79999999999961
71.20000000000157
57.5
49.50000000000001
50.80000000000202
52.399999999997604
59.399999999997206
67.0
53.10000000000243
48.800000000001994
44.10000000000175
48.800000000001994
54.39999999999748
64.60000000000304
88.79999999999644
68.0
68.0
75.20000000000209
68.20000000000111
65.5
104.79999999999521
75.79999999999784
63.60000000000299
73.20000000000184
71.3999999999967
79.20000000000258
72.39999999999665
80.39999999999641
82.29999999999708
93.79999999999602
73.20000000000184
100.5
92.60000000000387
74.99999999999999
68.6000000000032
38.60000000000117
46.19999999999806
61.10000000000287
83.29999999999697
75.2999999999979
77.7999999999976
74.79999999999797
76.2000000000022
56.800000000001
49.10000000000217
54.0
59.10000000000278
49.69999999999799
69.60000000000323
75.39999999999657
65.60000000000308
63.10000000000297
77.99999999999999
63.39999999999701
64.60000000000304
76.60000000000348
72.60000000000335
53.0
45.30000000000192
51.69999999999796
52.699999999998006
74.3999999999966
82.0
72.60000000000335
94.79999999999593
79.70000000000263
81.3999999999964
40.600000000001394
49.300000000001994
43.399999999998315
55.0
61.7
63.39999999999701
59.60000000000281
49.899999999997775
63.79999999999961
47.89999999999793
55.500000000000014
45.39999999999813
82.10000000000363
73.20000000000184
54.500000000000014
45.10000000000184
24.300000000001067
46.5
53.19999999999815
48.39999999999789
64.5
64.39999999999698
55.89999999999739
22.5
44.5
49.10000000000217
38.60000000000117
59.80000000000036
59.0
94.20000000000401
80.70000000000275
61.3999999999971
66.10000000000309
57.300000000000885
56.800000000001
42.899999999998364
48.19999999999802
56.899999999997334
60.10000000000283
55.89999999999739
46.10000000000193
55.10000000000256
57.6000000000027
62.5
59.10000000000278
56.19999999999887
59.399999999997206
46.50000000000001
70.7999999999985
71.89999999999668
47.89999999999793
46.69999999999805
65.39999999999692
62.000000000000014
57.39999999999731
50.199999999997985
67.20000000000095
57.89999999999728
60.30000000000027
66.0
53.0
56.69999999999897
53.999999999999986
54.800000000001454
34.600000000000634
41.80000000000183
56.399999999997355
33.1000000000004
53.89999999999751
50.50000000000001
51.69999999999796
50.199999999997985
57.0
63.2999999999997
89.2999999999964
87.39999999999624
68.8999999999968
69.29999999999872
52.19999999999795
54.69999999999851
55.39999999999741
55.39999999999741
74.89999999999658
59.19999999999951
60.19999999999971
49.199999999998006
51.5
71.5
57.80000000000078
82.39999999999635
66.10000000000309
42.60000000000161
28.4000000000005
48.800000000001994
49.39999999999781
62.000000000000014
47.60000000000205
41.30000000000182
53.30000000000183
42.800000000001866
45.899999999998094
38.00000000000001
45.899999999998094
44.00000000000001
36.300000000001674
46.19999999999806
57.89999999999728
50.5
66.70000000000087
48.800000000001994
67.20000000000095
68.20000000000111
65.70000000000071
61.500000000000014
55.39999999999741
55.39999999999741
59.10000000000278
59.10000000000278
72.39999999999665
77.89999999999648
78.29999999999752
66.2000000000008
53.89999999999751
42.899999999998364
53.000000000000014
48.50000000000001
43.80000000000189
68.10000000000318
70.7999999999985
72.39999999999665
59.300000000000466
70.7999999999985
74.79999999999797
59.60000000000281
56.800000000001
48.60000000000213
41.00000000000001
55.89999999999739
57.10000000000268
49.69999999999799
61.000000000000014
66.39999999999688
80.8999999999964
65.10000000000306
50.8999999999977
53.699999999998276
53.699999999998276
63.70000000000037
74.89999999999658
51.69999999999796
65.50000000000001
81.2999999999972
82.89999999999634
66.0
53.19999999999815
92.39999999999613
68.0
55.69999999999875
52.100000000002375
63.39999999999701
51.5
70.0
73.60000000000338
67.89999999999682
53.000000000000014
64.29999999999953
60.500000000000014
67.79999999999895
54.39999999999748
52.999999999999986
44.0
56.399999999997355
48.89999999999785
54.1999999999984
55.10000000000256
49.0
63.500000000000014
82.70000000000296
60.89999999999713
40.6999999999982
54.69999999999851
45.899999999998094
61.0
80.2999999999973
61.799999999999976
69.50000000000001
67.60000000000316
86.20000000000331
76.29999999999777
51.69999999999796
57.39999999999731
74.20000000000196
68.70000000000118
74.0
87.89999999999623
78.20000000000246
67.79999999999895
68.5
56.399999999997355
53.60000000000247
54.800000000001454
58.60000000000276
65.60000000000308
54.30000000000158
56.800000000001
64.79999999999944
63.10000000000297
65.5
56.69999999999897
66.39999999999688
52.60000000000241
60.500000000000014
75.70000000000215
51.69999999999796
61.3999999999971
69.49999999999999
46.60000000000197
45.10000000000184
44.300000000001894
45.600000000001884
62.60000000000296
66.5
56.500000000000014
40.50000000000001
60.10000000000283
36.69999999999831
37.10000000000098
52.399999999997604
86.0
80.8999999999964
75.0
55.600000000002595
57.10000000000268
72.79999999999822
55.69999999999875
49.10000000000217
39.60000000000129
54.000000000000014
57.300000000000885
66.60000000000312
71.89999999999668
76.39999999999652
61.499999999999986
55.19999999999864
55.30000000000134
46.89999999999801
56.500000000000014
71.89999999999668
74.89999999999658
88.89999999999621
81.2999999999972
82.50000000000001
46.60000000000197
38.30000000000174
30.69999999999855
48.800000000001994
45.50000000000001
60.60000000000285
47.60000000000205
44.89999999999818
